2 2 2 2 
5 7 8 9 
8 12 14 15 
11 16 17 18 
14 19 20 21 
90000000 90000000 23 24 
90000000 90000000 29 31 
38 40 35 38 
41 45 41 45 
90000000 49 90000000 51 
90000000 54 90000000 58 
62 59 65 65 
90000000 64 70 71 
90000000 69 90000000 76 
77 74 80 81 
90000000 90000000 85 86 
90000000 90000000 91 93 
90000000 102 97 100 
106 107 103 107 
90000000 90000000 109 114 
118 120 115 121 
90000000 90000000 90000000 128 
90000000 140 90000000 135 
90000000 90000000 148 142 
90000000 90000000 154 149 
90000000 90000000 160 156 
166 168 166 163 
169 173 172 170 
90000000 90000000 178 177 
90000000 189 184 184 
90000000 90000000 190 191 
90000000 201 90000000 198 
208 206 211 205 
90000000 90000000 217 212 
90000000 90000000 223 219 
229 231 229 226 
90000000 236 90000000 233 
90000000 241 90000000 240 
90000000 246 90000000 247 
90000000 251 257 254 
259 256 262 261 
262 261 267 268 
265 266 271 272 
90000000 90000000 274 275 
90000000 90000000 280 282 
289 291 286 289 
292 296 292 296 
90000000 90000000 298 302 
307 309 304 309 
310 314 310 316 
313 318 316 320 
90000000 90000000 322 323 
90000000 333 90000000 330 
90000000 90000000 343 337 
90000000 90000000 349 344 
90000000 356 90000000 351 
361 361 364 358 
90000000 90000000 370 365 
375 377 376 372 
90000000 90000000 382 379 
389 391 388 386 
392 396 394 393 
395 400 400 400 
90000000 90000000 404 405 
90000000 415 90000000 412 
422 420 425 419 
90000000 425 431 426 
433 430 436 433 
90000000 90000000 441 440 
90000000 452 447 447 
90000000 90000000 453 454 
90000000 464 90000000 461 
90000000 90000000 474 468 
478 480 480 475 
90000000 485 90000000 482 
492 490 495 489 
90000000 495 90000000 496 
503 500 506 503 
90000000 90000000 511 510 
520 522 517 517 
90000000 90000000 523 524 
90000000 90000000 529 531 
538 540 535 538 
90000000 90000000 541 545 
90000000 90000000 547 552 
556 558 553 559 
90000000 90000000 559 566 
90000000 570 565 572 
574 575 571 578 
577 580 577 584 
90000000 585 90000000 587 
90000000 90000000 596 594 
604 606 602 601 
607 611 608 608 
610 615 614 615 
613 618 619 620 
616 621 622 623 
90000000 624 90000000 626 
632 629 635 633 
90000000 634 90000000 640 
